3.773317745125542 0.17110658600373252 0.014552100291339319 0.7491485022443972 0.4190509436055466 2.2633885612540494 1.9009395231384283 1.0174285339947604 2.1968057514332466 1.0298400336202926 0 0
3.2119278727910503 0.07977327689681118 0.02154098825910824 0.5891812756174962 0.8985769053939817 1.2257584201401692 1.7954794367211593 1.0323991102773513 2.663093901147156 0.8858857263938908 0 0
2.7661888572818834 0.11705470216839288 0.01750329711766 0.5132077448112465 0.7808711582157224 1.200589778801817 0.9886656755170262 0.9831489383953825 3.0621160902623403 0.8143509838133511 0 1
1.8139874823592126 0.10985392181919452 0.01816551281211258 0.5283642768278393 0.6047540870852555 0.9830695598207358 1.2281401470914788 0.8941825089058082 2.310268375833142 0.6154238480235312 1 0
3.2 0.087 0.02 0.5 0.7 1.75 0.85 1.0 2.8 0.95 0 1
2.752141118466793 0.11414282666558169 0.019978481128512974 0.45768201717684565 0.5316640282247797 1.6671024417896478 0.8030803733834222 0.8669386889088365 3.579224991861093 1.1497329026241931 0 4
2.75629448454796 0.12974712963463148 0.01730694260857477 0.4412946819649496 0.8533324397240358 1.9730237295348485 1.1139417459265786 1.039154911768225 2.480508001282526 1.0736479127878218 0 0
3.6551052117463385 0.1861263359057768 0.023938551832746218 0.49563231355784854 0.48327352448407523 1.409724466380784 2.1109513670962516 1.2382549759595831 3.614569404079091 1.154927197606713 0 0
2.425855224265035 0.0898242180346818 0.019768511709995513 0.5083021583575702 0.5555371574609668 0.9545581825075721 0.8261192000395274 0.9565782825129218 3.5959831309330674 1.1005649646660107 0 1
3.2925966707308407 0.10881806915210304 0.048624336161885315 0.6112447257080278 0.5746809806474954 0.33273568307694906 0.5773417603443027 0.515597311189929 4.476388823526704 1.4717210467353725 10 3
2.0936777437662863 0.022632171314347624 0.010270330089650349 0.32436574198868406 0.12397741640933517 0.04295939721240487 0.14373124909248483 0.7905951459140114 5.895649913172618 0.31292930588383383 0 2
3.0157648795485437 0.1208350174630655 0.02371790884695164 0.5175745133567655 0.8182986915724888 1.5543728881515644 0.8482336676965173 1.052643380581312 3.0106291712019666 0.8710729548215453 0 1
2.2635957954878063 0.0624404567642334 0.015902537041505863 0.46348504941506524 0.5735718710209676 1.9995833852982463 0.8767027750294037 1.1149837439485395 2.8771294176264313 1.1746372978063793 1 2
2.9024859206583233 0.06296613397995271 0.019361784330160496 0.5063040746976522 0.5247874033057072 0.7287823528141424 0.5028860377598766 0.8899978333512625 2.8975869536568695 0.7175701442741657 0 1
2.985600575091623 0.08223746432516589 0.017255866817357787 0.47829809769988035 0.8112138263315785 1.9516526052416048 0.7751735667040803 1.044136347286689 3.033691049440732 0.920094082007097 0 1
2.491726616030535 0.09867790005723664 0.017656753589606795 0.4774548811608029 0.9289562502816483 1.0374231849197315 0.621728989076761 0.9823504432373342 3.0400502584745177 0.9197372665347722 0 0
2.655823279879485 0.11631825433060256 0.023289904337117636 0.3821477060835262 0.6313074857609201 1.2189159222816583 0.771575534898281 1.0230134909542155 2.755786554808347 0.7387963194698155 0 1
2.599035665399156 0.1836958321821348 0.03442171676057731 0.49784980186780065 0.46421996638541874 1.230361982240415 1.06937975342052 1.0501923321072497 3.0194991046493307 0.8429171350361906 1 0
2.8267489234076852 0.09286126192743613 0.022408057865621656 0.47851583075894516 0.4495192520497491 1.1500388443042646 1.0003999608138683 0.9686872307594974 3.0267023286213437 0.9660827910192988 1 4
2.9398572438018413 0.06359736426966249 0.028635562409082476 0.7153198934201723 0.5310724149661205 0.9106031967214446 1.0897458231462238 1.0267260937327298 3.002360548911564 0.8375814171081114 0 0
3.03212156051446 0.12200852548896873 0.026147576860164976 0.415138886493029 0.7983032999352547 0.8595251520183325 0.9762259959794706 0.958965825267094 3.1040029972109715 1.0204119959900537 0 7
2.938187766589749 0.12211522629537469 0.018621659989637763 0.49781058832571545 0.8698591675309283 1.0373810914609713 1.130063976512085 1.0409413572266046 2.826983515565442 1.0466079053597024 0 0
3.476343435687716 0.09435589168259564 0.020621683237704535 0.446076144783592 0.747035920130834 1.2248285322525119 1.274344985444784 0.9663159950725217 3.6625654874997142 0.8893880242529516 2 0
4.129208735206813 0.15937547875547284 0.012621751035133117 0.44991013155383314 0.5789890869487362 0.7277396343731737 0.9654216473697268 1.0051144806409873 2.8057392636961858 0.7751002758752009 0 0
3.3676382518181938 0.1439020830573422 0.018143329102074408 0.5486725027008572 1.24469133026929 1.3014605795380596 1.1355094017889198 1.0860508471852122 2.929516966318448 1.0769911135905814 0 1
1.872518114292988 0.08639722330695018 0.043047441351856494 0.6606222808620532 0.9911840213779934 1.2595651222770203 0.5731409088818263 1.014229650166876 2.7118240788147534 0.5529750273307487 0 0
3.4359471611756613 0.1245498377079573 0.018741623313592203 0.38665666669497256 0.8063638677763699 1.1489818670431546 1.0420405697331645 1.0969986561763045 3.173369397912931 0.6931369218701112 2 0
3.004476206701611 0.2068466051219352 0.013084731216247572 0.4756794864771276 1.3177731264851777 0.878467742403357 0.7669751041803049 1.120682336436853 3.2471213067781686 1.0193459379902727 0 1
3.5284115588508227 0.08731596277366609 0.023503506160919382 0.5102792015284666 0.6393923299938554 1.7223300524532559 0.9019545753548108 1.035187052404663 2.522774910465246 0.9538426623976827 0 0
4.365916160955405 0.09162337794822208 0.007395498064721264 0.3757416891364487 0.7609532894631726 2.0317717256812413 0.9160361643963232 1.1102126757588853 5.468347558146839 1.1511000283215909 2 0
3.180832666003553 0.1539271984479324 0.015292287383727168 0.5661320762977436 0.8188043527769338 0.9913795517834233 0.6867191876117411 1.1079638014192406 3.208601788087012 0.8374976711781368 0 2
1.905629567051301 0.12470038489151274 0.008275326522802356 0.44551428517914893 0.8645750030416263 1.0170419660645542 0.7034343785975619 0.5006612573486545 1.6648262750098346 1.2525177664108986 8 4
3.0233833926014033 0.16979052001339956 0.014100800647348904 0.48596365511692274 0.8621080374882784 1.0420404950822395 1.3662995639577633 1.0479025838925362 2.851360711972748 0.7627934250455803 0 0
1.845522266691097 0.1564517122534391 0.03158972012210697 0.559648125532041 0.5286035605692501 1.760388418558925 0.7156553408739542 0.9932880782644061 2.31797020360794 0.9806210939272542 0 1
3.221419279331574 0.10738422175149785 0.022074803434699905 0.5796519745891807 0.6291000244365831 1.0349690808248548 0.32155022587405646 1.0128869190610317 3.0994430977591385 1.0557966386905917 0 0
3.4397804828100846 0.11252744183890294 0.02255966825538893 0.5623678791309953 0.9057797333392267 1.2428886287600054 0.9476486908027567 1.0002584167350508 2.76139555351113 0.9609597849035835 0 4
3.020224169644688 0.0727330305890679 0.01633729046543659 0.47181637852101804 0.9423153927567187 1.441316623922118 0.9246082706981021 1.019632639833451 2.5705228810082223 0.7471797682838357 0 0
3.9267334238241602 0.09745505710084533 0.016164691884104014 0.4358004021314623 1.4528740703679355 1.4528407542875919 1.1421846518778105 1.0854044143174513 2.6691967800494125 1.2500963264015192 1 0
2.325363263403107 0.03691018582046857 0.014050014860349794 0.9619345812164306 1.2864035530425817 2.291133440593945 0.14225255544785478 0.8801359565305148 2.1811553536142028 0.3526608162463854 6 3
2.99107281608219 0.07331200230197442 0.022434704198804375 0.5505902107797398 0.5625959690864935 0.8860352312563146 0.9670235248650992 0.9780119494349651 2.633773346534953 0.6466069908036755 0 2
